[44, 11, 73, 88, 39, -6, -66, 8, 5, 28, 39, 34, -45, -39, -83, 0]
[-17, 9, -72, 19, 57, 65, -55, -48, -92, -57, 65, -57, -49, 20, -73, -24]
[-33, 100, 41, 19, -72, -44, 10, -20, -1, -40, 5, -96, -62, 87, -8, -70]
[-12, -41, -9, 77, -88, -44, -56, -44, -61, -54, 31, 22, 0, 69, 16, 23]
[73, 63, -4, 70, -33, 69, -73, -38, -19, -18, 3, 11, 63, 60, 81, -81]
[-18, 19, 39, 73, -73, 32, -31, 51, -16, -42, 98, 10, 64, -64, 52, 89]
[50, -46, 10, -27, 5, 34, -13, 27, -43, 42, -56, 60, 22, -26, 90, 65]
[-11, -4, -97, 61, -8, 84, 27, -81, -16, 9, -99, 40, 62, 92, -3, 44]
[0, 8, 21, -83, -22, -59, 32, -46, 19, -56, -90, 78, 82, -3, -26, 77]
[55, -20, -54, -93, -27, 27, -50, -7, 67, 83, 95, -83, 56, 14, 7, 89]
[99, -10, 70, -56, -16, 97, 68, 60, -82, 36, 70, 4, 97, 98, 82, 8]
[40, -46, -69, 54, -41, -39, -52, 27, 71, 62, 35, 40, -27, 5, 87, -54]
[-3, -97, -90, -10, -51, 88, 89, -27, -75, -72, 7, 17, 36, -81, 54, 34]
[-1, 99, 72, 63, -18, -18, -96, 1, 69, 12, -2, 66, 89, 49, -22, 82]
[-90, 18, -29, -42, -54, -89, -38, -41, 18, 2, 11, -2, 33, -79, -42, -44]
[69, 34, -9, 55, 87, -95, 30, 5, 100, 33, 77, 47, 33, 43, 28, -47]
[-29, 13, 66, 52, 26, 50, 32, 6, -72, 11, 78, 44, 81, 52, 96, 60]
[-5, -79, 36, -14, -39, -85, 17, 91, -81, 43, -28, 25, 12, -20, -80, 43]
[72, 9, 54, 17, -16, 38, 81, -31, -3, 0, -76, 76, 52, -49, 49, 63]
[-51, 64, 88, 58, 43, -27, -74, -4, -72, -57, -62, 97, -8, 24, -12, -4]
